1960 40.8 -2.5
1961 40.8 -0.8
1962 43.2 -3
1963 40.5 -1.5
1964 41.2 -2.2
1965 45.2 -2.9
1966 41 -2
1967 44.6 -4.8
1968 43 -3
1969 39.8 -1.4
1970 42.4 -4.6
1971 40 -2.6
1972 38.8 -2.2
1973 41.6 -0.6
1974 42.2 -1
1975 44 -1
1976 42.6 -3.6
1977 38.4 0.8
1978 44 -2.2
1979 42.6 -4.8
1980 41.8 -4.2
1981 43 -4.4
1982 43.4 0.6
1983 40.4 -2.6
1984 42.4 -2.6
1985 42.6 -3.4
1986 40.8 -1
1987 40.4 -1.2
1988 42.6 -1.6
1989 44.8 0
1990 42 0.2
1991 44.4 0
1992 43.2 -4
1993 42.4 -2
1994 43.9 -2.5
1995 46.6 0
1996 42.2 1
1997 39.7 3.4
1998 41.2 0.3
1999 41.2 0
2000 41.8 0.3
2001 40.5 2.1
2002 40.3 3
2003 45.2 1
2004 44.3 0.1
2005 42.6 -3.5
2006 43.6 1
2007 42.9 0.2
2008 41.2 0.8
2009 42 -0.5
2010 42.5 1.3
2011 42 2.4
2012 45.9 -2
2013 42.8 1.2
2014 40.6 2.2
2015 42.9 1.5
2016 44.8 0.3
2017 43.6 0
2018 44.5 -0.6
2019 40.8 0.5
2020 43.2 0.7
Absolute Max Temperature across entire period is : 46.6
Absolute Min Temperature across entire period is : -4.8
